pop.risk_life,pop.risk_pnc,pop.risk_cred,pop.risk_mkt
-1190.65232132409,-483.703902839275,41.6600664896458,-234.498868975083
189.860713881376,209.039048189483,-0.224594986495845,-79.4421919878103
636.701369577037,984.881353667126,726.135816225346,302.663409567538
-782.391494611272,-485.219183648719,-2404.72369697878,-339.980546454786
1280.22904852901,-326.039954699086,473.579932760842,-254.27766486243
82.6967787661907,358.290660092977,649.235426612222,-229.109240399174
2095.20112186342,842.462417945866,3075.31559774586,1231.13870424598
286.889419028272,-111.863960411149,-48.2024668478409,298.347661990912
-781.892422462832,-369.451767263916,-1048.07161381453,-346.585459154628
1739.20601242918,-388.85534835829,-360.119130801399,-279.015541794231
403.321716388447,-443.444386565285,712.783924531193,-176.063034691871
1008.32773125492,-388.40999935167,-63.2119695930615,-208.738598458664
686.870908916247,-286.211984364141,-502.831368584576,-142.293858283862
245.382920862286,342.686773218953,-119.761351261206,-224.435182758452
-852.676730390362,-458.557023669344,-917.492310067846,-395.217120122622
526.780285426618,-434.95004131305,1625.73296877641,316.260671927592
1947.3333227541,1151.92317448195,-258.988790769526,-203.251419853885
-523.541157048726,-289.605679047969,-296.593046408647,-124.329645737319
-400.950581438441,-346.209761341543,-782.251848542704,72.9247006712363
626.90490142556,-396.949720039152,-1099.65827685744,-60.1740718854096
-2158.46479830143,-496.128170833457,85.7975720960058,-294.544512385737
-957.907336885366,-301.798003026673,-642.764620739535,-211.518648640943
-172.731493715713,-186.073545596656,279.914862355747,79.070233787972
-778.935880929746,1334.19236692392,-251.799383247579,-252.960432852413
-57.3186683605998,-220.753616144897,651.985111390265,483.168161122134
1194.39048213944,-484.721143182182,47.8980559587083,-222.737651930734
2124.74452500362,-222.477770048682,329.609009166449,580.072081209259
-193.370844092692,-79.3663670570853,1890.85976352711,413.71298357096
-526.948824547073,-499.434249053597,-300.909725731858,-97.56218054566
-573.883822217675,-345.692945555592,-2249.54927000104,-85.1939885413952
1438.63530701443,323.170175426746,1612.15330724078,509.671278905435
-860.936504443872,347.102429675734,-588.113613484706,-348.543870983851
-444.613547969585,-178.657320635597,-1871.09056964633,-216.629056627116
-1622.8822774999,-480.994116539072,-766.516041720788,-243.283163503491
-245.871001866276,-233.673457158776,1698.88217576858,399.096680614096
12.9815344695377,-243.090816545876,-33.1526406384562,-102.355457931428
572.465992209599,33.4970644671447,737.702240968233,254.380714200344
-1252.6911741723,607.694223900838,-744.812457900109,-150.134811748383
626.655258478597,-13.3114359343085,665.649088326936,-252.978386210787
-332.207810461552,-326.573975033885,139.667187543621,41.1505689407253
1649.10918291817,-407.710792529794,808.988530626501,-122.304998962618
-1087.08034868979,-453.322322749922,-263.979103668547,-251.666336522398
464.858540431976,28.3533065493108,-507.85638300216,-385.761897020335
-1915.1133128854,-414.347729668238,-781.097988585366,-361.219490483557
694.275927069162,-317.012241185267,-626.641827492541,-206.886537326167
-628.915250619042,-256.270117679763,-742.544281361486,-72.4939117101449
-1056.82085408705,-43.8124213336846,597.024275533574,-387.128730704681
-869.647716758998,-464.531764060451,906.424866036442,-163.356089325866
509.921285215935,44.089926529056,-1310.46407023387,180.544954839782
884.232280796451,1942.6744394778,1860.53257935502,523.435211143389
535.824033420531,34.9076318613106,2400.73013353719,-93.5136160090116
2545.02266257544,2323.95810799425,6634.56713629534,1673.00037066049
-593.870835329155,-296.44881554419,47.6866010534113,-92.3387954558499
-47.2977522002233,-498.979249352997,-824.817344540555,-177.909346211393
456.464622105405,330.075416972058,1622.0028323163,-106.657651535235
-461.355612985733,-458.687018488754,-1665.3813465665,-363.436200890277
-629.066256568814,-493.035767345134,966.319360956603,-85.2123752652858
-433.98668151349,247.37163653906,-1033.82743153337,-202.60970076493
676.128504076496,-454.954361882525,-707.811326889719,-118.336629040783
-858.82368396771,-437.899315757628,-222.078618123746,-350.197252847039
74.3831475664354,-61.6919254513553,972.822290899645,212.355729481013
-858.553723007086,-403.317148227767,-1003.27861962166,-310.291250474095
-297.094353230558,-253.788574713146,-767.489360262072,-188.564530706113
778.887659000084,-234.549707394619,-415.504006796785,120.836208081206
-142.757910034458,457.424749387776,668.209125533474,-185.909655967101
-300.842938978484,-473.049629876025,-1830.33416274768,-355.940360858842
138.647451185992,-70.0257366288785,1123.81748200663,-95.7619707375516
1494.31068465975,1171.33404177014,1285.58029344456,556.849125746883
680.737315263972,127.831813201707,526.133366109554,97.8093437308756
1762.52267573192,53.5164541206436,-416.712334170858,-121.632069650896
1082.55756887773,749.682960053028,1401.11186190709,301.657801278084
-570.251881788216,861.869858764482,177.539340493616,-165.403421712351
461.23726686375,-332.689586159934,-776.39365234158,-160.121816041794
318.438805054841,-49.2502695838443,-256.853617865489,1.66072198414957
-1356.70451599152,-140.008922582724,-461.357760675123,-330.776143045268
991.186174409954,-384.185015814405,825.877891000708,-168.586303177498
-456.866386355406,403.500895706745,1103.98199818755,-38.9910839538337
-1233.68414017511,-345.641448101074,-720.833212712695,151.568829933038
878.433786002136,-494.242082216057,-835.594021467749,-159.338528686068
1079.24356840944,790.796310281445,2003.08461757471,84.3982750343784
-131.716736582904,226.317228890042,409.778602250578,12.8466760602927
-60.3967492221399,-326.728537365246,-125.598002765862,-181.952771788251
-367.215900084511,-333.542475723552,-2678.49695092783,-277.540104201999
98.1961400496261,-7.72000806814123,-512.01422181561,-111.02784432285
1287.58976781239,654.242512367658,2166.90895856488,1366.60257453419
-1976.90296851907,-376.756812322394,-572.196500121649,-302.912820449489
422.435279619343,229.090906552298,1274.06420099698,130.570912383512
-814.282627256035,-103.434182439216,-590.446751060115,-274.598544984104
1176.58938859113,-362.828231793169,1153.58371533961,128.508054609027
1282.69363053877,-287.957332492328,-64.3212197313952,-110.135742765423
967.065318173408,-387.409051116393,289.712092543105,-314.189571875479
1021.5468802542,1084.75930566472,280.605725161723,-54.1726338571596
-987.83619536607,-173.456618942252,-3652.65047044546,-216.343671131862
130.4841236268,-193.051161032244,453.372063640834,-103.480686174259
-1905.86186497258,566.604084505479,141.552489234831,138.054456781645
1203.81074067467,1873.10629837868,1437.74062343428,23.8985514005481
1716.45073329517,-329.649294574472,-230.132550023779,-241.786308273928
-382.558355402533,-469.414357350361,748.769883827139,100.500129712581
144.793964322337,-404.641186518793,-795.657179371265,-396.642006950052
483.48702742622,-376.096989490295,-400.373054458195,1063.3354001751
-0.882793961652965,-470.441848351446,-347.545117959033,-139.851664094253
-394.590418408982,-480.986398794628,-1652.62822607473,-207.604035814309
-924.40979694994,-456.167666237703,-2307.46127612409,-430.151962218684
-1231.50436329825,-449.798000405209,-607.362229972068,-125.83019822703
-294.905805601433,-480.482731677411,-139.518241630104,-351.590074146066
513.635877156848,-214.885431289683,738.987622047536,1671.92009708683
-18.6064439656938,-244.660261532566,-138.181912827926,321.633898773954
558.856069431995,1214.30469159245,1227.1168283307,219.782098302843
-389.327827286457,-336.316462605414,-3383.69792828432,-146.225978508825
-1644.65613345402,-444.410295912863,-439.96024079924,-255.291568443966
-1141.07545618432,-476.308794981629,-1290.06514662572,-15.1485731950073
1500.10162251405,537.84228282899,2206.2103571737,408.155023875312
-1077.84221762735,2058.54111607032,1115.25419105712,-61.9275159664395
604.3932270163,-452.507809079392,-2224.21261720757,-340.507131357818
492.632204915885,-284.80206219762,-667.873331544429,-196.020379526692
630.314369889419,-159.707717633817,-4.7859456311374,-365.941085393829
864.436885896743,15.7173119721466,153.618729415382,-324.436176295796
-2038.05605837075,-369.867848331587,-760.990886877019,-400.3665904042
-1146.11854161995,-499.3132084092,83.7866806412924,149.335806257474
611.60540430895,823.340659728184,649.234215100191,-2.01747362476181
